Output:

positive:

Precision : 0.7833333333333333
Recall    : 0.8453237410071942
F1        : 0.8131487889273357


negative:

Precision : 0.8566666666666667
Recall    : 0.8453237410071942
F1        : 0.8509574063376214
